999999                            999999
999999                            999999
999999                            999999
999999                            999999
999999            9999            999999
999999            9999            999999
                  9999      99          
                  9999      99          
                            99          
                            99          
          999999  9999  999999          
          999999  9999  999999          
          99      9999                  
          99      9999                  
          99      9999                  
          99      9999                  
                  9999                  
                  9999                  
                                        
                                        
                99    99999999          
 111            99    99999999          
                99          99          
                99          99          
          99999999          99          
          99999999          99          
          99                9999        
          99                9999        
                                        
                                        